PolyU-A380 :1 2 10 1.0 5 0.2 0.2 re:1382.7787873376903
PolyU-A381 :1 3 10 1.5 5 0.3 0.4 re:1745.1732316404177
PolyU-A382: 1 4 10 2.0 5 0.4 0.5 re:2107.5676759431462
PolyU-A383: 1 5 10 2.5 5 0.5 0.1 re:2469.962120245874